94277658
266836292
2030715820
1507125764
509885376
1713930040
1250975332
22661401
2011438302
1623783525
632162358
1150162340
46116662
507393483
1872348758
2034456161
512600009
1755214862
522261780
1408092175
1852081399
1698211469
1699658763
1934891445
610480911
1663762518
334610076
1321097110
772022516
785713644
2066492078
2010593156
70903114
229038456
1684544706
1541775097
1533814803
1827365644
1586267410
1336888788
1369298140
1183679419
684233424
1770618117
1355026025
1860083946
161844165
443476603
1426283492
2124410984
1520747583
297240776
2121043354
845547911
315166947
1388125981
1737292820
859312719
1937039772
1967073495
1760194363
1712074652
85973191
806569984
845630962
1558205134
1631611207
2121118761
2070291542
186298961
1385654532
1308896993
1283163997
1365336789
87885067
1941970052
613687526
1173421594
1525579594
1193153689
1335003333
1955274849
787239727
1904585093
485648878
1848643193
1051855449
610842561
123536397
144135204
2027442718
2040425010
316953920
2132861331
1156019671
1473055561
436168447
323593275
1144859538
1516344558
649988361
1836077195
523844933
1177456673
379084207
2141875457
1869357479
1201194365
784425995
1131990027
1557754686
893155643
1060774655
1195378620
365708282
101789025
651481944
2028274170
1439653310
489285782
1951495738
1443380572
1629566582
888251077
672863975
1045437810
651865537
1881044087
450193666
1091474378
802066209
1542837056
1531559962
1703851018
993000779
2083200251
1578957761
1218985581
2065160289
288709485
380663219
709631443
574970812
162616926
1413372211
743911541
1066288531
1680614172
1837462289
1114545033
258395751
149763006
1963949559
128478504
1307589480
1086009776
1563133792
1667014275
717347386
209555478
932933781
1645009561
1607124031
2134877565
495002744
1207082107
134685464
968048650
1431549856
728830146
1384449985
2016296225
393102372
539879215
1109354244
808233838
1136717224
2018973266
463739776
1279361190
206589693
423730645
1445273483
880719142
1340309276
1105079097
810577882
412852417
1241571683
494676071
807038532
560269112
894902440
1522715134
708039693
324781770
244264937
627480977
341943875
272331734
388463365
1029314153
277953751
1802830242
190447322
1636336774
1103986988
1734985975
1715074138
1509753909
1501974703
1953668534
1341589005
1699476813
1599986421
664396113
110654362
1149464891
369412536
620109009
606093430
1412238144
2108043850
673211316
1601476723
1122178279
1833190081
1600358529
1933747862
708657884
1126469989
1907701362
1986402693
1925844519
361417192
302176759
879893603
884974769
1080237275
1218553696
270290644
1136356896
1049992173
1180048632
1823083620
914437404
433794511
1760032764
111256453
951239816
1349435855
89239748
836331718
959934670
1459445080
1569767380
2297575
1896709798
2004419228
1037150502
2004568761
746786673
2009140781
1620993825
318752320
1240851702
1033704892
2038555686
308463424
186849354
88090650
888275085
439716245
112732589
304817766
1879442008
1521177178
66716588
1701735016
77908961
1051996368
1317653858
553071241
491659583
1893946957
1699333014
30870693
42165274
292207232
1668870995
2004629349
1101629690
620022135
423604832
1390011949
302228150
486923703
815000426
294137392
1402731661
1897781604
2130016154
136454389
1715888570
1901508510
2057637443
1907258012
1143403939
1411226850
458011232
909793473
123746909
994959732
1104004736
907508870
407906869
1235223160
1737237121
845661302
1904708428
1637010681
682311434
601589133
1478183092
679910210
109532109
1201218616
317983466
526472233
1359244168
906417043
1678891298
102764091
1950146553
778860836
1717885875
1157910379
2032983617
1784438231
1233205735
1391452008
2136263125
1711732897
1869362901
808920090
82765156
1206184813
1442140332
897853576
879088245
1665205076
368318489
797871181
312240701
802426375
1872570432
1231629145
1049530746
1889297915
1847092348
46611037
928531199
1154986205
1787736459
1710886700
1369386809
328358857
992249000
1909820504
769378641
935886470
693977203
699027591
925335982
2009527113
1703232143
49115982
168003718
1981272527
647140563
910161640
338801829
1833166786
1069477679
1191715758
830131667
421738648
1371802960
1064807263
575674358
1714496247
765347385
952089167
411912592
771850689
1340371208
1411602785
676366313
1283794867
1024772276
957724593
1540121385
598195244
681558629
127563503
1237861157
83990358
1515027559
857073893
345486304
1990856885
2070899315
128527645
1291512449
1415039741
1505926545
1749995507
618934164
323498430
104183999
1578709043
115427151
1526571335
1397471197
2102953949
969373126
1157063092
1010451189
2056024415
1328203707
906179210
708056862
314126205
582333873
291538257
1299480799
1261338526
204663882
1052331238
1727179401
1285106802
423539849
2140597212
170448377
588988767
1977707262
680697933
733373787
1027865541
1205623491
393806228
2051819740
1540026774
74879332
862947238
826407008
1621613586
58395312
1910745665
2134754626
1657556135
1840405436
873414592
1372823722
699360368
2118254663
1329235717
1590070223
29252536
1404939876
293005526
2125115453
2097585798
1510457649
1596663626
1016985462
1276847842
479227713
1264140286
1113323602
235039655
157988713
1949544040
719493977
1312523887
1209471083
1671657044
1822087622
1433739475
1790802818
1622631255
1563807565
913844488
1137558748
1198473525
2138348289
1162984229
295530325
2083892797
2053248685
106766776
453616623
691862119
762803995
2090025209
1133578059
1573768439
215993295
1211348235
950472826
1302365522
188881071
1457916458
1126982942
104153029
1310382209
1611805671
1288441760
257085536
1651470499
1838934579
1642958781
446418973
1353829817
1917921168
1892631603
1786679141
2005924575
1500853433
435491994
483805040
801710001
243202792
1062415639
1960978528
1868218020
1942038109
1052823336
1206104867
527109314
1727367356
1753780235
882542423
34059422
23270685
488290360
495736804
1289961723
251195443
1668269120
1679551843
1025957519
598854766
761184263
1806417743
909794943
1883718199
1391982560
491818427
1074355380
956822548
1004767652
350728613
300144134
2085266776
710481201
562194617
1545763321
1586646920
1879688588
302042390
528793205
1321291429
1960782210
765058404
997899745
1870685177
920124561
696556109
494494980
209118832
194397175
320129241
402229217
259876616
2044263230
1924462989
110299308
1222781129
1019483462
1471753974
1850716335
1494491833
1764097446
1092161915
957724132
1183332720
901307172
40312655
1908041182
308483699
1807570117
371997380
1342629496
554881826
2138308146
1504257703
276827919
874451916
574304143
993488285
1577349645
335087903
792051195
405372311
1763533738
1893119068
1291775885
1909928933
904492308
635766863
1363656438
217354397
411310697
1369573463
408116206
954545994
1659277371
830465034
520662122
1480395760
2016387957
1570202111
1552389880
1207227836
1972966215
1069917443
824532359
988404283
2067552505
1550344448
1644895192
1543795145
740100559
1168211571
294021719
2004663813
1927092374
1235017770
286825869
1180408304
133759547
267269340
2139802273
1030023652
1851183828
1778718712
526447644
395223597
379508055
1610635251
736899190
598772001
1386834392
19961728
2055620937
355873290
1018402707
659722043
1167203561
1814154523
1639270091
2095462021
680456149
1710724667
2077213426
2117586283
136280504
1364898234
769250616
2089049076
125850460
553851174
1432076884
1331065123
567343907
357316178
591293028
1305371843
381736364
871548712
2094905358
334718074
339954502
372186202
774992587
1309117897
842965695
233943416
1813691772
1047381721
993592074
1899679805
1746057245
837820464
412126039
1563126030
567714032
290708510
660807845
1381000357
1803873898
69565487
187151735
1903987464
2080352403
603764
1610427684
1075474977
1573257974
1613804716
64586561
500202312
1795349251
268764071
1090029348
1616408923
806376239
1985491076
132784719
1093208579
2108245175
659303228
1031049459
524202980
1275061085
770054051
1108283889
1984004086
1525108268
1907793240
763359819
940424154
869506375
1687443206
614881436
700187613
581313062
242886756
1013606944
356075980
1990606794
723842428
1567027960
160661035
556145047
540558524
2040842490
1210254981
1435118993
95133441
1076896469
1329108982
1088240460
90329712
1825571424
217125854
1625758915
723486649
1597097640
975777432
1784220644
1160276611
1241057198
1831808861
2113330272
1236000037
1396908688
1690618367
1587046203
1567330947
2055951201
1209861417
368583098
233740557
1444863249
1026503765
674868625
2052092485
1772211775
1861062811
298195164
1996116645
1798145
1783865313
33075284
517940082
371362126
677424057
1149226646
352441321
1383919297
10490177
1019109912
468787369
419703583
324096456
1019202666
1961919365
2138332037
1655183399
1329199137
1904203402
414466349
852299060
1852624653
1002747151
936205594
285165396
979159359
619352640
340217676
1192777893
1331323194
1470007987
1176989579
242000517
214443040
832841498
738067662
851875870
1238744173
1298631596
899247854
788383122
2116926396
1801596982
327519788
1666991678
397510172
557336941
680505217
1706893731
1393538392
1399527995
310192672
602133243
1807945398
417025106
1272860140
1056382962
524122035
940973313
707716775
1647968546
1275149590
19372297
927585978
162844417
1525730534
571406202
1461074149
651351383
161904445
1564072416
302699242
1484769201
861934846
839850083
752341010
85761913
844331856
1955821385
1145886166
347630742
1374444197
1787661966
1766516817
237814741
1205689411
1160278358
989992272
1131694540
75615340
971984787
69817699
1997540563
1891164956
711243168
1619694589
1899513734
511628197
178416678
968636460
2008881504
1517813369
2008970358
1316020694
892809007
1625742476
1674264135
448115509
1282891905
1806619301
828094286
9111944
1709120295
257662158
1471941325
1464670889
2045207872
1440131263
953593823
910961283
1620315479
603523156
450399205
346287938
1694057781
749688363
1875706953
984784871
1582990904
615349928
653498734
1058039630
422967263
1655856460
1982465113
1815201970
1736363694
1029362834
1777632333
4373933
739470896
1533289001
1278698152
1779158335
653092568
1318653001
445918015
2014330424
1506272905
660841141
1972696809
545744960
39051594
1713105897
942592279
778553464
1121600491
3876491
1585707134
493162564
2033848834
1159936210
1835870145
295436089
184230328
482644460
311961545
1187720801
1395067247
60042759
158250812
189077657
1643120435
1360788356
1513325259
1403708502
1500658070
203998771
465765661
506223292
595938561
2105216527
1939944772
1350372015
1379683808
192338409
533247143
1058603599
246994151
1220831376
1029348748
946744144
1368333817
1874095445
1622101961
1165732249
1858474307
1665798310
1848389467
1463144604
1754377011
747010848
206736487
1483030527
1059235633
366939775
1255370911
1278694274
1132832046
1150181025
1083266617
1380396000
1940868531
530143733
415065027
1578982265
1876051924
1880876812
824463774
106217097
1913999505
320090389
1435395460
556397112
1541109055
351031281
2120785188
1723744496
1231009815
55581097
1784334943
317310309
2002013261
181481753
106171075
148690876
906999394
1142235792
1662874633
1013874252
166711537
777150820
1493152654
223155871
2133080412
459900819
769177442
344569768
520355704
719717995
974966089
174775734
1560254445
913967800
814948377
2016279506
985379773
1817749155
699321214
1800072596
881490426
137063888
100239686
418692009
744699300
1830076570
1730772118
1822471824
1078019159
29855108
1935132689
898603635
122389257
1441765735
1221125172
284011763
517962841
1012011408
590624604
1563360283
1940066613
1114503515
128746489
203070543
127612672
39033956
1635586431
1704828592
1393060911
545676425
1226041161
634593555
1563377811
427531432
1035363558
2041360364
1522265943
1365430484
43805704
1769902903
514635554
1783807251
329547809
1404209573
1564775601
88348623
1361957143
1373308281
1651748403
522189002
393497029
441132595
78635966
2127401106
342133239
63211195
438811705
337162430
1390582986
1144702905
1014245672
1672993466
1820395114
1562314438
449767869
197501474
165682460
246330132
836748939
57770201
1103495604
2124531715
1304707297
1391471584
1278195072
459951293
1621875228
815421851
97586568
349406512
1309224681
1458026650
889828092
418194088
1488213336
489836477
904587952
1583693804
2071996158
1215257660
2017514925
1863931423
241778982
920765290
1885844565
1861406200
1960651926
389099158
500380249
942876714
2052826327
531137122
2117861772
1101718417
324156728
1332149518
1194294163
994246181
1504365952
471000702
1989992213
728602276
201254658
722645189
289458033
408960463
452564664
1123682877
659752891
1323471943
221290554
1981658927
535569034
2036024628
2078499211
1378832088
1702777624
1107820012
564697952
893965873
1236745002
943609613
393246364
992258383
715113358
1328514544
889854281
2039747788
1619076390
1582403468
923102003
2086028629
896503245
1378139786
1267790428
2033044783
1772407221
938627774
1846449414
966276760
925608925
891448449
94204232
1370842181
723289650
984010878
377077401
880923107
1115827196
459119284
1274686620
1690490870
2107126490
779853574
1302346604
1374582298
465163361
318493028
906636751
1960514148
86586504
773939456
641678247
1944216112
2052812762
1682326670
111187754
26083423
470832447
1608701047
512778934
1007834879
1311123276
1269082806
767537749
1409173809
699053940
1984633665
515547805
1598291701
1669785465
519341100
839723727
2080114639
926606239
1202811911
950413846
255810020
1456443042
26474836
841522559
1078449220
1703402512
584042683
228106620
646265531
2077328699
2059209947
1820310275
1013010075
571879529
1523375807
1305671445
573508765
679795932
668071906
1385065643
1559176925
2122377484
1604456679
2027254484
1427002059
427919103
46338680
696125619
740368296
370182824
1155187444
1974215111
2105393773
1998467812
70545098
1775362871
2108832459
1507381104
1509220325
413311102
682212057
2085527429
583945574
1355064537
1949243457
713593079
990480486
1246915090
1762376284
175015236
1821812307
1948235261
320146332
639039969
543774848
1710805555
1123401859
936695587
1651999744
348831782
324097080
1750606256
1664901046
250830097
467872447
1546752503
1385820813
1718848842
1269225582
1762080419
1171444999
385309792
1480592624
275491834
1708115033
237744887
1165964693
1569079531
104830410
1655846858
1122445391
1346960042
570199379
1291980194
150422220
905432953
762062424
2004761812
467993052
346286610
2018668422
697984829
1251816909
418407814
641474219
1925786969
2011251597
79786105
2131473158
631452831
571760258
827279920
1078320518
165925971
1279755392
739698144
957448796
692114368
775604049
854961266
2106290473
1971631803
386715094
1795068223
530100375
167131426
1548335902
655427149
1147151863
968828953
1228822848
1361097052
600820823
560329461
977693710
1356848948
625415327
800707544
2123385820
1453837054
489977615
891073523
1375184895
1283353264
1308072229
450219388
817952273
26999098
134356566
2079887228
730074621
1512770140
1775915289
802958387
413525351
19209776
1251537212
1923846139
132763722
1705378786
103479008
1300967037
467517079
2103768123
925847140
1778278311
175186543
1832634842
1270383117
1499347834
295374792
465019285
1341117116
1848099826
662981956
58410878
1627870294
1760160795
849778044
1572138803
690305925
1373772332
1036113147
509192954
2129494705
1201514652
1047531234
1024566159
1177267779
1825936040
1151731273
1781159575
1892795349
35100893
563590657
645715757
1575042351
917027786
1778332938
112162328
1127198936
162463298
387162698
1401928855
883124244
677405543
385840969
351840069
811591596
277815641
1243281776
1955791079
907993185
1588374630
854197655
734869152
1922496784
164954232
1536032488
1830444847
139620798
499675058
23373855
2070388935
1955262784
910814037
1127594934
231167233
1158781038
1653634392
1061129458
1262385464
1395878061
1120163509
131808649
782208989
455270557
146786862
831774318
1885312836
538113675
2107684429
1485672310
987617205
270017681
1388216504
650910229
1411292255
1648605562
1354069823
54741022
500579717
363518930
1236720097
697865945
1799116954
906894059
724561414
1652169541
1307849659
1485047819
1674524565
819585589
348560390
147034914
604348743
1776736071
2047240889
1309168479
1540938394
1268785937
1737577481
620948219
1722003718
2057643734
2061587599
1627694210
118399660
163805535
567684160
200365517
1654831123
1916447447
209547915
1790402803
9465620
453612829
288764297
1503946711
744900547
1521462784
738768283
1342077482
1952792438
1557067386
659766497
2039021183
209761905
1993597239
475641075
884753093
566600151
1695862592
1109022589
1221657315
1309751793
54646469
733481443
1343988274
50286155
383179786
53424349
1054202356
844202208
319902671
524366812
612906727
1925146294
275019189
308169364
397862387
1481798630
896039338
1293101990
366256663
516405051
1466293190
1219575990
469584431
146276526
909048506
1008005765
1505835994
1215523841
333796819
1641872124
91703904
1990043078
1348856408
1076851506
95294346
1773971591
2086038791
201968791
1284128689
1301039390
1862293697
554587922
1155767192
991457303
1561600164
2079438902
314485647
1783154211
1262321452
2103437334
1003058531
1915481532
2086095634
1288668448
2019019098
1344408150
855267189
338192764
214585080
1166623357
527739686
895387949
1891516341
315370146
1843514395
371745213
2098178711
63698298
1014097784
978646505
170247045
2030435999
1025666544
1162558823
968829388
588525269
1210587201
792905230
1248070370
1844722540
594814200
2125658957
1702219723
1109807972
870393433
538384349
484000280
1153209804
1804212062
1432318113
791923032
20154160
722988595
1632344823
1897164355
1124101172
749570152
1289379643
982143122
1503871050
1669117079
1033373719
156299249
1126230340
28332092
2014471410
1709842164
281624020
1412781391
719504847
777995202
622128032
1793530073
1825433518
1901880645
1428863843
1320907802
1328065464
827821550
863022154
1750255044
1323644634
1846300949
1523008686
2125825044
593249464
37571251
894486419
208253654
2013348533
663307575
73875212
131713049
1586379827
1108161192
957520196
1362426499
1265344964
2127774274
697004528
1559518879
1054227253
690599182
1727285202
508207928
397992764
329400209
131108330
145650572
28438468
904503939
631697320
162346329
642613556
730967020
905183944
1843826106
922984007
901676436
1562958303
508007227
1608606087
102173324
420596678
1301234794
521874832
759302521
677695100
1277853250
89293157
706316785
1499830484
139540214
1791874353
999758068
1082746259
1748131384
1569001828
754741670
198352186
1408183203
1299778680
1375708625
312673979
1562646192
535488600
212840358
1576515397
1522276987
276743965
1731271158
1171463148
964349240
37786982
363983013
1860924784
833136303
1704893604
692964473
363071933
1548920467
686120179
805274961
1861590984
1470174725
1067116435
2021379482
340911322
955711359
1370730664
1638902993
1951698644
1436704884
1976625821
1777298134
696855711
1965019052
459889390
236517757
1347357473
1344399173
933205539
94324927
609107991
1335441299
608067724
764134898
909759219
519215032
2056575873
139098572
1031317634
1800597994
658510117
1101967290
633983988
2097005958
714551926
1926691156
1612278818
1219480533
198976436
1463299903
1992907411
342195970
273736530
1199361987
1282050153
714780958
320664519
1991380436
446785999
235478998
2006738380
207284012
1657865517
445968463
850118970
968139038
1184269045
503552674
1661533451
547026837
292090491
1963635642
1435329994
1289024664
420250685
1432979513
570979979
754325625
210660932
795533732
2072498678
183015339
269208364
711349358
1967362806
996582768
673628452
202186230
1788354702
312358929
157041207
89422045
1554200930
21304210
342796937
1219398805
1486236541
652916647
568793409
1698601779
1752398477
1461447302
242116286
1876197076
1809409001
2010063552
285485980
1058621034
2127715565
1387323677
454145198
1845446036
623493960
1241339151
500862026
1193834486
1058689349
288670004
1884828315
875768246
1478042924
1197899214
2013828224
381869085
537364817
692713870
2004875569
167953308
53887478
1457238910
621753381
1857631880
900222665
531298504
192292404
1451609164
556683908
1166344621
311648988
405603446
935487559
1950198058
651829012
1248349003
1561173837
833531872
380837304
883644363
1830275668
1150267428
1887066398
496140363
1613979854
2119784436
404211630
1727128179
647007838
560681289
751350144
521687389
643166589
849199351
393088044
1349022384
1370594085
1389413836
735464423
2015086011
1054625291
1895259684
522949982
808282791
1174700761
967791206
1710175088
602460419
1370884830
44027244
219225151
1850320591
1081449221
1503046551
155136543
1743229513
214820359
979887490
252668024
1299887907
757804453
1632778668
185186579
1803407253
877487943
498381570
90613387
983490039
142499234
1170590376
859854303
1876745477
158594293
1836734681
1581881315
447088635
1896632690
1429490380
2065351238
13758219
819393081
525036761
528025956
746740521
1551876946
1101324117
2081065973
646389420
322740261
1300934777
485616841
2121815332
435804370
46887509
926023348
605763937
239244397
1650780986
2136837560
1141986153
1477672645
2121151276
1315057064
1999449686
1328206156
1497323267
413889628
1861352067
1351316064
2062641505
2051320366
701826880
809572554
272119374
1544507251
966413613
2056027241
569825941
163546027
1111321453
1402822669
1267253264
26977116
1778125679
533760210
1519917096
258872482
1671974731
1226141189
1816997459
808282040
1314390849
